device12345:11111,11112,11113,11114,11115,11110,88880
device13456:11116,11117,11118,11119,11110,88885
device14567:22221,22222,22223,22224,22225,88880
device21234:22226,22227,22228,22229,22220,44440
device22345:33331,33332,33333,33334,33335,88880
device23456:33336,33337,33338,33339,33330,66660
device24567:44441,44442,44443,44444,44445,77775,88880
device31234:44446,44447,44448,44449,44440,55556
device32345:55551,55552,55553,55554,55555,22228
device33456:55556,55557,55558,55559,55550,88880
device34567:66661,66662,66663,66664,66665,66669,88880
device41234:66666,66667,66668,66669,66660,55559
device42345:77771,77772,77773,77774,77775,66664
device43456:88881,88882,88883,88884,88885,44448,88880
device44567:88886,88887,88888,88889,88880,77772